Parameter List

     j=1_la=1_energy (  0)        4.291000e-01 Fixed
   j=1_la=1_ch=1_rwa (  1)        2.906597e-01 Fitted by Minuit
   j=1_la=1_ch=2_rwa (  2)        0.000000e+00 Fixed
   j=1_la=1_ch=3_rwa (  3)       -0.000000e+00 Fixed
     j=1_la=2_energy (  4)        2.160000e+01 Fixed
   j=1_la=2_ch=1_rwa (  5)       -1.008411e+00 Fitted by Minuit
   j=1_la=2_ch=2_rwa (  6)        0.000000e+00 Fixed
   j=1_la=2_ch=3_rwa (  7)        0.000000e+00 Fixed
     j=2_la=1_energy (  8)        1.400000e+01 Fixed
   j=2_la=1_ch=1_rwa (  9)        1.592255e+00 Fitted by Minuit
   j=2_la=1_ch=2_rwa ( 10)        1.839063e+00 Fitted by Minuit
   j=2_la=1_ch=3_rwa ( 11)        1.301393e-01 Fitted by Minuit
     j=3_la=1_energy ( 12)        0.000000e+00 Fixed
   j=3_la=1_ch=1_rwa ( 13)        1.183825e+00 Fitted by Minuit
   j=3_la=1_ch=2_rwa ( 14)       -0.000000e+00 Fixed
   j=3_la=1_ch=3_rwa ( 15)        0.000000e+00 Fixed
     j=3_la=2_energy ( 16)        2.160000e+01 Fixed
   j=3_la=2_ch=1_rwa ( 17)       -1.589997e+00 Fitted by Minuit
   j=3_la=2_ch=2_rwa ( 18)        0.000000e+00 Fixed
   j=3_la=2_ch=3_rwa ( 19)        0.000000e+00 Fixed
     j=4_la=1_energy ( 20)        1.200000e+01 Fixed
   j=4_la=1_ch=1_rwa ( 21)        1.114405e+00 Fitted by Minuit
   j=4_la=1_ch=2_rwa ( 22)        2.422723e-01 Fitted by Minuit
   j=4_la=1_ch=3_rwa ( 23)        1.222215e-01 Fitted by Minuit
     j=5_la=1_energy ( 24)        7.000000e+00 Fixed
   j=5_la=1_ch=1_rwa ( 25)        2.021695e+00 Fitted by Minuit
   j=5_la=1_ch=2_rwa ( 26)        0.000000e+00 Fixed
   j=5_la=1_ch=3_rwa ( 27)        0.000000e+00 Fixed
     j=6_la=1_energy ( 28)        1.200000e+01 Fixed
   j=6_la=1_ch=1_rwa ( 29)        8.326278e-01 Fitted by Minuit
   j=6_la=1_ch=2_rwa ( 30)        9.790235e-01 Fitted by Minuit
   j=6_la=1_ch=3_rwa ( 31)        0.000000e+00 Fixed
     j=7_la=1_energy ( 32)        4.579885e+00 Fitted by Minuit
   j=7_la=1_ch=1_rwa ( 33)        1.002561e+00 Fitted by Minuit
   j=7_la=1_ch=2_rwa ( 34)        6.077486e-01 Fitted by Minuit
      segment_9_norm ( 35)        9.632376e-01 Fitted by Minuit
     segment_10_norm ( 36)        1.044253e+00 Fitted by Minuit
     segment_11_norm ( 37)        9.981707e-01 Fitted by Minuit
     segment_12_norm ( 38)        9.625242e-01 Fitted by Minuit
     segment_13_norm ( 39)        9.526380e-01 Fitted by Minuit
     segment_14_norm ( 40)        1.000154e+00 Fitted by Minuit
     segment_16_norm ( 41)        1.025872e+00 Fitted by Minuit
     segment_17_norm ( 42)        1.078228e+00 Fitted by Minuit
     segment_18_norm ( 43)        9.373912e-01 Fitted by Minuit
     segment_19_norm ( 44)        9.973627e-01 Fitted by Minuit
     segment_20_norm ( 45)        9.952009e-01 Fitted by Minuit
     segment_21_norm ( 46)        1.031137e+00 Fitted by Minuit
     segment_22_norm ( 47)        1.023286e+00 Fitted by Minuit
     segment_23_norm ( 48)        1.055130e+00 Fitted by Minuit
     segment_24_norm ( 49)        1.052013e+00 Fitted by Minuit
     segment_25_norm ( 50)        1.158709e+00 Fitted by Minuit

Covariance Matrix

                   1              5              9             10             11             13             17             21             22             23             25             29             30             32             33             34             35             36             37             38             39             40             41             42             43             44             45             46             47             48             49             50
    1   5.611690e-02  -9.016834e-02  -1.056190e-03   2.864403e-02  -2.404261e-03  -1.482458e-02   5.052801e-02   3.925581e-04  -5.292736e-03   7.092473e-04   1.012070e-02  -3.543946e-03  -1.221039e-02   5.049607e-04  -3.385191e-03   7.218994e-03  -8.663333e-05  -9.952681e-06  -1.021907e-03   3.074736e-04  -2.167855e-05   3.975462e-04   9.514634e-06   2.463797e-05   5.433298e-05   8.448680e-05   5.206351e-05   2.136986e-05   2.814783e-07  -4.448685e-05  -2.903354e-04   5.296834e-05
    5  -9.016834e-02   1.494206e-01   1.517441e-03  -4.386875e-02   4.061115e-03   2.344689e-02  -8.162595e-02  -1.490132e-03   8.601835e-03  -1.003310e-03  -1.944600e-02   5.547802e-03   1.835019e-02  -7.937526e-04   5.630217e-03  -1.115516e-02   1.391775e-04   2.174007e-05   1.569214e-03  -4.721972e-04   3.933384e-05  -6.149966e-04  -1.364563e-05  -3.591114e-05  -7.567628e-05  -1.207207e-04  -6.500218e-05  -1.102225e-05   2.046696e-05   1.118842e-04   5.206254e-04  -6.264548e-05
    9  -1.056190e-03   1.517441e-03   1.125332e-04  -4.270817e-04   2.128190e-04   2.130272e-04  -1.583118e-03   1.469337e-04   1.161385e-04   1.870576e-05  -2.722235e-05   3.135818e-04  -2.650222e-04  -2.206363e-05   4.841600e-05   7.556525e-05   1.840214e-06   2.700069e-06  -3.242128e-06   3.285468e-07   2.204440e-06  -1.607932e-06  -1.053217e-06  -2.663679e-06  -8.336742e-06  -1.662443e-05  -2.376058e-05  -3.318536e-05  -3.234412e-05  -4.890868e-05  -4.817481e-05  -8.180258e-05
   10   2.864403e-02  -4.386875e-02  -4.270817e-04   9.607835e-02   2.328058e-01  -1.826528e-02   7.730038e-02  -7.326576e-04  -1.397546e-02  -2.112111e-03   2.809657e-03  -2.825881e-03  -5.459847e-02   6.598124e-05   4.619349e-04   2.358669e-02   1.424183e-03   1.638583e-03  -1.756044e-03   2.441591e-03   1.671378e-03   2.481640e-03   3.407311e-06   3.558348e-06   4.928734e-06  -6.472365e-05  -1.016533e-04  -9.178090e-05  -1.034215e-04   1.595116e-04   4.420954e-04   1.247092e-03
   11  -2.404261e-03   4.061115e-03   2.128190e-04   2.328058e-01   2.164245e+00  -1.565571e-03   6.582385e-03   1.064144e-04  -4.004498e-02  -2.481279e-02  -5.749975e-04   4.591575e-04  -1.291703e-01  -6.630755e-05   4.598064e-04  -8.947088e-03   1.674765e-04   1.400168e-04   7.497278e-04  -8.003559e-05   1.397195e-04  -1.792229e-04  -2.081519e-06  -6.364648e-06  -1.857978e-05  -5.027546e-05  -6.657746e-05  -7.893701e-05  -7.764754e-05  -5.336926e-05   2.197350e-05   8.454472e-05
   13  -1.482458e-02   2.344689e-02   2.130272e-04  -1.826528e-02  -1.565571e-03   6.218714e-03  -2.400248e-02   2.543133e-05   2.863411e-03   7.447804e-05  -2.252368e-03   1.043301e-03   9.995148e-03  -8.726553e-05   4.378399e-04  -5.692357e-03   2.239231e-05  -4.593680e-05   8.142339e-04  -2.383105e-04  -3.041297e-05  -2.686814e-04  -1.807910e-06  -3.591954e-06  -6.181079e-06   7.434927e-06   2.385511e-05   3.109382e-05   3.664498e-05  -4.263949e-06  -2.411521e-05  -2.364592e-04
   17   5.052801e-02  -8.162595e-02  -1.583118e-03   7.730038e-02   6.582385e-03  -2.400248e-02   1.124246e-01  -1.722835e-03  -1.270861e-02  -1.339608e-03   8.347575e-03  -7.205251e-03  -3.758799e-02   2.781278e-04  -6.546425e-05   2.396128e-02  -7.376506e-05   2.085623e-04  -3.363376e-03   9.859082e-04   1.439146e-04   1.094901e-03   1.426307e-05   3.165634e-05   8.878101e-05   1.159481e-04   1.555642e-04   2.842681e-04   2.632367e-04   7.579782e-04   1.080519e-03   2.453278e-03
   21   3.925581e-04  -1.490132e-03   1.469337e-04  -7.326576e-04   1.064144e-04   2.543133e-05  -1.722835e-03   6.986322e-04  -6.306867e-06   5.922021e-06   9.471159e-04   6.334526e-04  -6.018908e-04  -8.081600e-06  -1.715505e-04  -5.593552e-05  -7.168435e-07  -1.349159e-06   1.123242e-05  -3.815626e-06  -1.316911e-06  -3.516086e-06  -1.417702e-06  -3.457869e-06  -1.172262e-05  -2.354353e-05  -3.684852e-05  -5.608718e-05  -5.561020e-05  -9.387987e-05  -1.174001e-04  -1.738018e-04
   22  -5.292736e-03   8.601835e-03   1.161385e-04  -1.397546e-02  -4.004498e-02   2.863411e-03  -1.270861e-02  -6.306867e-06   8.288825e-01  -4.797270e-02  -9.561434e-04   6.526706e-04  -2.658782e-01  -2.067915e-05  -1.456799e-05  -8.073879e-03  -1.423704e-04  -1.771118e-04   3.631566e-04  -2.757197e-04  -1.817470e-04  -2.851762e-04  -1.002230e-06  -1.878467e-06  -4.747073e-06   2.102036e-07   1.788594e-06  -4.998458e-06  -2.898151e-06  -4.992315e-05  -8.963287e-05  -2.300955e-04
   23   7.092473e-04  -1.003310e-03   1.870576e-05  -2.112111e-03  -2.481279e-02   7.447804e-05  -1.339608e-03   5.922021e-06  -4.797270e-02   9.720574e-01   5.182034e-05   1.338032e-04  -1.567815e-01   1.164548e-05  -1.356344e-04  -5.388013e-03  -3.766074e-05  -4.892390e-05   1.812278e-04  -1.507169e-04  -5.817172e-05  -1.727644e-04  -1.748393e-07  -3.145878e-07  -1.646125e-06  -2.871203e-06  -6.771084e-06  -1.349618e-05  -1.367303e-05  -3.243894e-05  -5.200498e-05  -8.095675e-05
   25   1.012070e-02  -1.944600e-02  -2.722235e-05   2.809657e-03  -5.749975e-04  -2.252368e-03   8.347575e-03   9.471159e-04  -9.561434e-04   5.182034e-05   1.065278e-02  -4.062547e-04  -8.787448e-04   1.114012e-04  -1.181973e-03   2.082241e-04  -1.774840e-05  -1.097305e-05  -1.018548e-04   3.087274e-05  -1.138111e-05   4.854084e-05   2.151728e-07   1.119134e-06  -8.769540e-07   1.396015e-06  -8.678882e-06  -1.911158e-05  -2.147875e-05  -4.505887e-05  -1.135316e-04  -1.419407e-05
   29  -3.543946e-03   5.547802e-03   3.135818e-04  -2.825881e-03   4.591575e-04   1.043301e-03  -7.205251e-03   6.334526e-04   6.526706e-04   1.338032e-04  -4.062547e-04   1.448516e-03  -7.347487e-04  -5.551737e-05   3.849843e-05  -4.023287e-04   5.656801e-06   9.718690e-07   7.133180e-05  -2.235227e-05   1.363341e-06  -2.858939e-05  -2.978200e-06  -7.479239e-06  -2.338947e-05  -4.738925e-05  -6.935717e-05  -1.019319e-04  -9.997437e-05  -1.633376e-04  -1.819945e-04  -3.213035e-04
   30  -1.221039e-02   1.835019e-02  -2.650222e-04  -5.459847e-02  -1.291703e-01   9.995148e-03  -3.758799e-02  -6.018908e-04  -2.658782e-01  -1.567815e-01  -8.787448e-04  -7.347487e-04   1.636381e-01   6.562838e-05  -4.489499e-04  -2.321605e-02  -6.517790e-04  -7.968046e-04   1.111784e-03  -8.710941e-04  -7.819255e-04  -8.181661e-04   2.939977e-06   1.062490e-05   3.714211e-05   1.233703e-04   1.846178e-04   2.333537e-04   2.375221e-04   1.729133e-04   1.544891e-05  -2.603590e-04
   32   5.049607e-04  -7.937526e-04  -2.206363e-05   6.598124e-05  -6.630755e-05  -8.726553e-05   2.781278e-04  -8.081600e-06  -2.067915e-05   1.164548e-05   1.114012e-04  -5.551737e-05   6.562838e-05   1.219026e-05  -6.908656e-05  -9.158384e-05  -1.077574e-06  -1.477134e-06   2.189209e-06  -4.893501e-07  -1.273444e-06   6.548388e-07   2.037405e-07   5.261341e-07   1.476027e-06   2.673853e-06   3.118781e-06   3.367803e-06   3.113224e-06   2.218156e-06  -3.814291e-06   1.606091e-06
   33  -3.385191e-03   5.630217e-03   4.841600e-05   4.619349e-04   4.598064e-04   4.378399e-04  -6.546425e-05  -1.715505e-04  -1.456799e-05  -1.356344e-04  -1.181973e-03   3.849843e-05  -4.489499e-04  -6.908656e-05   5.307425e-04   7.152398e-04   6.961693e-06   1.166479e-05  -4.177799e-05   1.150541e-05   9.916110e-06   4.825497e-06  -4.296100e-07  -1.269261e-06  -2.265472e-06  -3.129965e-06   2.282540e-06   1.276088e-05   1.401369e-05   4.569368e-05   9.908753e-05   1.096133e-04
   34   7.218994e-03  -1.115516e-02   7.556525e-05   2.358669e-02  -8.947088e-03  -5.692357e-03   2.396128e-02  -5.593552e-05  -8.073879e-03  -5.388013e-03   2.082241e-04  -4.023287e-04  -2.321605e-02  -9.158384e-05   7.152398e-04   5.145953e-02   4.736475e-04   5.652005e-04  -5.147521e-04   4.864129e-04   5.480548e-04   1.482442e-04  -8.827709e-07  -3.815817e-06  -1.379853e-05  -4.836072e-05  -6.940861e-05  -7.418782e-05  -7.625013e-05   6.240447e-06   1.443055e-04   3.416069e-04
   35  -8.663333e-05   1.391775e-04   1.840214e-06   1.424183e-03   1.674765e-04   2.239231e-05  -7.376506e-05  -7.168435e-07  -1.423704e-04  -3.766074e-05  -1.774840e-05   5.656801e-06  -6.517790e-04  -1.077574e-06   6.961693e-06   4.736475e-04   3.147567e-04   2.540103e-04   2.074760e-04   2.904783e-04   2.713325e-04   2.866899e-04  -1.657777e-08  -4.234510e-08  -9.809162e-08  -1.440882e-07  -9.363239e-08  -3.101823e-08   3.046577e-09   1.339773e-07   6.661131e-07   5.335617e-08
   36  -9.952681e-06   2.174007e-05   2.700069e-06   1.638583e-03   1.400168e-04  -4.593680e-05   2.085623e-04  -1.349159e-06  -1.771118e-04  -4.892390e-05  -1.097305e-05   9.718690e-07  -7.968046e-04  -1.477134e-06   1.166479e-05   5.652005e-04   2.540103e-04   4.736091e-04   1.890899e-04   2.858313e-04   2.646537e-04   2.823180e-04  -2.699395e-08  -9.105555e-08  -2.663197e-07  -7.923782e-07  -1.025233e-06  -1.085396e-06  -1.075030e-06  -9.049583e-08   1.820943e-06   3.910116e-06
   37  -1.021907e-03   1.569214e-03  -3.242128e-06  -1.756044e-03   7.497278e-04   8.142339e-04  -3.363376e-03   1.123242e-05   3.631566e-04   1.812278e-04  -1.018548e-04   7.133180e-05   1.111784e-03   2.189209e-06  -4.177799e-05  -5.147521e-04   2.074760e-04   1.890899e-04   3.869258e-04   1.820950e-04   2.057292e-04   1.751457e-04   5.827190e-08   4.020380e-07   1.481440e-06   6.595986e-06   9.633626e-06   1.078859e-05   1.113411e-05   1.029947e-06  -1.386668e-05  -4.665832e-05
   38   3.074736e-04  -4.721972e-04   3.285468e-07   2.441591e-03  -8.003559e-05  -2.383105e-04   9.859082e-04  -3.815626e-06  -2.757197e-04  -1.507169e-04   3.087274e-05  -2.235227e-05  -8.710941e-04  -4.893501e-07   1.150541e-05   4.864129e-04   2.904783e-04   2.858313e-04   1.820950e-04   3.655198e-04   3.050112e-04   3.556389e-04  -1.120099e-08  -1.018567e-07  -3.864251e-07  -1.826217e-06  -2.678949e-06  -2.977125e-06  -3.083432e-06  -9.632915e-08   4.181098e-06   1.383915e-05
   39  -2.167855e-05   3.933384e-05   2.204440e-06   1.671378e-03   1.397195e-04  -3.041297e-05   1.439146e-04  -1.316911e-06  -1.817470e-04  -5.817172e-05  -1.138111e-05   1.363341e-06  -7.819255e-04  -1.273444e-06   9.916110e-06   5.480548e-04   2.713325e-04   2.646537e-04   2.057292e-04   3.050112e-04   4.414440e-04   3.013611e-04  -2.179630e-08  -7.213478e-08  -2.057061e-07  -5.949063e-07  -7.501228e-07  -7.714907e-07  -7.586697e-07   1.940590e-08   1.539996e-06   3.022588e-06
   40   3.975462e-04  -6.149966e-04  -1.607932e-06   2.481640e-03  -1.792229e-04  -2.686814e-04   1.094901e-03  -3.516086e-06  -2.851762e-04  -1.727644e-04   4.854084e-05  -2.858939e-05  -8.181661e-04   6.548388e-07   4.825497e-06   1.482442e-04   2.866899e-04   2.823180e-04   1.751457e-04   3.556389e-04   3.013611e-04   5.598306e-04   5.895281e-09  -6.215779e-08  -2.940489e-07  -1.748011e-06  -2.670968e-06  -3.030740e-06  -3.174289e-06  -1.695239e-07   3.746338e-06   1.449058e-05
   41   9.514634e-06  -1.364563e-05  -1.053217e-06   3.407311e-06  -2.081519e-06  -1.807910e-06   1.426307e-05  -1.417702e-06  -1.002230e-06  -1.748393e-07   2.151728e-07  -2.978200e-06   2.939977e-06   2.037405e-07  -4.296100e-07  -8.827709e-07  -1.657777e-08  -2.699395e-08   5.827190e-08  -1.120099e-08  -2.179630e-08   5.895281e-09   3.153852e-05   2.501745e-08   7.844713e-08   1.575920e-07   2.258507e-07   3.158424e-07   3.081590e-07   4.644559e-07   4.585936e-07   7.715739e-07
   42   2.463797e-05  -3.591114e-05  -2.663679e-06   3.558348e-06  -6.364648e-06  -3.591954e-06   3.165634e-05  -3.457869e-06  -1.878467e-06  -3.145878e-07   1.119134e-06  -7.479239e-06   1.062490e-05   5.261341e-07  -1.269261e-06  -3.815817e-06  -4.234510e-08  -9.105555e-08   4.020380e-07  -1.018567e-07  -7.213478e-08  -6.215779e-08   2.501745e-08   1.827390e-05   2.000649e-07   4.108405e-07   5.863430e-07   8.138742e-07   7.946272e-07   1.165670e-06   1.114853e-06   1.850652e-06
   43   5.433298e-05  -7.567628e-05  -8.336742e-06   4.928734e-06  -1.857978e-05  -6.181079e-06   8.878101e-05  -1.172262e-05  -4.747073e-06  -1.646125e-06  -8.769540e-07  -2.338947e-05   3.714211e-05   1.476027e-06  -2.265472e-06  -1.379853e-05  -9.809162e-08  -2.663197e-07   1.481440e-06  -3.864251e-07  -2.057061e-07  -2.940489e-07   7.844713e-08   2.000649e-07   6.253950e-06   1.313281e-06   1.913248e-06   2.693289e-06   2.639763e-06   3.944802e-06   3.957851e-06   6.355264e-06
   44   8.448680e-05  -1.207207e-04  -1.662443e-05  -6.472365e-05  -5.027546e-05   7.434927e-06   1.159481e-04  -2.354353e-05   2.102036e-07  -2.871203e-06   1.396015e-06  -4.738925e-05   1.233703e-04   2.673853e-06  -3.129965e-06  -4.836072e-05  -1.440882e-07  -7.923782e-07   6.595986e-06  -1.826217e-06  -5.949063e-07  -1.748011e-06   1.575920e-07   4.108405e-07   1.313281e-06   9.659291e-06   4.216835e-06   5.946575e-06   5.854490e-06   8.504455e-06   8.470070e-06   1.286656e-05
   45   5.206351e-05  -6.500218e-05  -2.376058e-05  -1.016533e-04  -6.657746e-05   2.385511e-05   1.555642e-04  -3.684852e-05   1.788594e-06  -6.771084e-06  -8.678882e-06  -6.935717e-05   1.846178e-04   3.118781e-06   2.282540e-06  -6.940861e-05  -9.363239e-08  -1.025233e-06   9.633626e-06  -2.678949e-06  -7.501228e-07  -2.670968e-06   2.258507e-07   5.863430e-07   1.913248e-06   4.216835e-06   9.858269e-06   9.094309e-06   8.985832e-06   1.341946e-05   1.412185e-05   2.104750e-05
   46   2.136986e-05  -1.102225e-05  -3.318536e-05  -9.178090e-05  -7.893701e-05   3.109382e-05   2.842681e-04  -5.608718e-05  -4.998458e-06  -1.349618e-05  -1.911158e-05  -1.019319e-04   2.333537e-04   3.367803e-06   1.276088e-05  -7.418782e-05  -3.101823e-08  -1.085396e-06   1.078859e-05  -2.977125e-06  -7.714907e-07  -3.030740e-06   3.158424e-07   8.138742e-07   2.693289e-06   5.946575e-06   9.094309e-06   1.801434e-05   1.319045e-05   2.044893e-05   2.271037e-05   3.391579e-05
   47   2.814783e-07   2.046696e-05  -3.234412e-05  -1.034215e-04  -7.764754e-05   3.664498e-05   2.632367e-04  -5.561020e-05  -2.898151e-06  -1.367303e-05  -2.147875e-05  -9.997437e-05   2.375221e-04   3.113224e-06   1.401369e-05  -7.625013e-05   3.046577e-09  -1.075030e-06   1.113411e-05  -3.083432e-06  -7.586697e-07  -3.174289e-06   3.081590e-07   7.946272e-07   2.639763e-06   5.854490e-06   8.985832e-06   1.319045e-05   1.683468e-05   2.027852e-05   2.262332e-05   3.361855e-05
   48  -4.448685e-05   1.118842e-04  -4.890868e-05   1.595116e-04  -5.336926e-05  -4.263949e-06   7.579782e-04  -9.387987e-05  -4.992315e-05  -3.243894e-05  -4.505887e-05  -1.633376e-04   1.729133e-04   2.218156e-06   4.569368e-05   6.240447e-06   1.339773e-07  -9.049583e-08   1.029947e-06  -9.632915e-08   1.940590e-08  -1.695239e-07   4.644559e-07   1.165670e-06   3.944802e-06   8.504455e-06   1.341946e-05   2.044893e-05   2.027852e-05   3.856840e-05   4.146424e-05   6.314996e-05
   49  -2.903354e-04   5.206254e-04  -4.817481e-05   4.420954e-04   2.197350e-05  -2.411521e-05   1.080519e-03  -1.174001e-04  -8.963287e-05  -5.200498e-05  -1.135316e-04  -1.819945e-04   1.544891e-05  -3.814291e-06   9.908753e-05   1.443055e-04   6.661131e-07   1.820943e-06  -1.386668e-05   4.181098e-06   1.539996e-06   3.746338e-06   4.585936e-07   1.114853e-06   3.957851e-06   8.470070e-06   1.412185e-05   2.271037e-05   2.262332e-05   4.146424e-05   6.006532e-05   8.313848e-05
   50   5.296834e-05  -6.264548e-05  -8.180258e-05   1.247092e-03   8.454472e-05  -2.364592e-04   2.453278e-03  -1.738018e-04  -2.300955e-04  -8.095675e-05  -1.419407e-05  -3.213035e-04  -2.603590e-04   1.606091e-06   1.096133e-04   3.416069e-04   5.335617e-08   3.910116e-06  -4.665832e-05   1.383915e-05   3.022588e-06   1.449058e-05   7.715739e-07   1.850652e-06   6.355264e-06   1.286656e-05   2.104750e-05   3.391579e-05   3.361855e-05   6.314996e-05   8.313848e-05   1.427079e-04

Correlation Matrix

                   1              5              9             10             11             13             17             21             22             23             25             29             30             32             33             34             35             36             37             38             39             40             41             42             43             44             45             46             47             48             49             50
    1       1.000000      -0.984695      -0.420296       0.390099      -0.006899      -0.793570       0.636143       0.062695      -0.024541       0.003037       0.413935      -0.393078      -0.127421       0.610526      -0.620289       0.134337      -0.020613      -0.001931      -0.219306       0.067890      -0.004356       0.070927       0.007152       0.024330       0.091715       0.114754       0.069998       0.021254       0.000290      -0.030239      -0.158140       0.018717
    5      -0.984695       1.000000       0.370055      -0.366132       0.007141       0.769183      -0.629785      -0.145846       0.024442      -0.002633      -0.487409       0.377098       0.117353      -0.588130       0.632234      -0.127215       0.020294       0.002584       0.206378      -0.063894       0.004843      -0.067242      -0.006286      -0.021732      -0.078285      -0.100486      -0.053558      -0.006718       0.012905       0.046607       0.173783      -0.013566
    9      -0.420296       0.370055       1.000000      -0.129885       0.013637       0.254650      -0.445084       0.524031       0.012025       0.001789      -0.024863       0.776692      -0.061759      -0.595703       0.198110       0.031401       0.009778       0.011696      -0.015537       0.001620       0.009891      -0.006406      -0.017679      -0.058739      -0.314252      -0.504236      -0.713372      -0.737050      -0.743109      -0.742386      -0.585960      -0.645509
   10       0.390099      -0.366132      -0.129885       1.000000       0.510538      -0.747245       0.743769      -0.089426      -0.049523      -0.006911       0.087823      -0.239541      -0.435437       0.060968       0.064688       0.335445       0.258980       0.242910      -0.288011       0.412007       0.256640       0.338375       0.001957       0.002685       0.006358      -0.067186      -0.104450      -0.069764      -0.081320       0.082864       0.184031       0.336792
   11      -0.006899       0.007141       0.013637       0.510538       1.000000      -0.013495       0.013344       0.002737      -0.029898      -0.017107      -0.003787       0.008201      -0.217054      -0.012909       0.013567      -0.026810       0.006417       0.004373       0.025908      -0.002846       0.004520      -0.005149      -0.000252      -0.001012      -0.005050      -0.010996      -0.014414      -0.012642      -0.012864      -0.005841       0.001927       0.004811
   13      -0.793570       0.769183       0.254650      -0.747245      -0.013495       1.000000      -0.907769       0.012201       0.039883       0.000958      -0.276731       0.347614       0.313326      -0.316946       0.241003      -0.318206       0.016005      -0.026767       0.524910      -0.158066      -0.018356      -0.143999      -0.004082      -0.010655      -0.031343       0.030336       0.096345       0.092900       0.113256      -0.008707      -0.039457      -0.251005
   17       0.636143      -0.629785      -0.445084       0.743769       0.013344      -0.907769       1.000000      -0.194397      -0.041631      -0.004052       0.241212      -0.564621      -0.277125       0.237578      -0.008475       0.315026      -0.012400       0.028582      -0.509954       0.153798       0.020428       0.138012       0.007575       0.022086       0.105880       0.111265       0.147767       0.199751       0.191343       0.364007       0.415805       0.612480
   21       0.062695      -0.145846       0.524031      -0.089426       0.002737       0.012201      -0.194397       1.000000      -0.000262       0.000227       0.347174       0.629692      -0.056293      -0.087572      -0.281725      -0.009329      -0.001529      -0.002345       0.021604      -0.007551      -0.002371      -0.005622      -0.009551      -0.030603      -0.177347      -0.286599      -0.444013      -0.499954      -0.512776      -0.571916      -0.573103      -0.550435
   22      -0.024541       0.024442       0.012025      -0.049523      -0.029898       0.039883      -0.041631      -0.000262       1.000000      -0.053444      -0.010175       0.018836      -0.721928      -0.006505      -0.000695      -0.039093      -0.008814      -0.008939       0.020278      -0.015840      -0.009501      -0.013238      -0.000196      -0.000483      -0.002085       0.000074       0.000626      -0.001294      -0.000776      -0.008830      -0.012703      -0.021156
   23       0.003037      -0.002633       0.001789      -0.006911      -0.017107       0.000958      -0.004052       0.000227      -0.053444       1.000000       0.000509       0.003566      -0.393103       0.003383      -0.005971      -0.024091      -0.002153      -0.002280       0.009345      -0.007996      -0.002808      -0.007406      -0.000032      -0.000075      -0.000668      -0.000937      -0.002187      -0.003225      -0.003380      -0.005298      -0.006806      -0.006874
   25       0.413935      -0.487409      -0.024863       0.087823      -0.003787      -0.276731       0.241212       0.347174      -0.010175       0.000509       1.000000      -0.103420      -0.021047       0.309138      -0.497089       0.008893      -0.009693      -0.004885      -0.050169       0.015645      -0.005248       0.019877       0.000371       0.002537      -0.003398       0.004352      -0.026781      -0.043627      -0.050720      -0.070296      -0.141930      -0.011512
   29      -0.393078       0.377098       0.776692      -0.239541       0.008201       0.347614      -0.564621       0.629692       0.018836       0.003566      -0.103420       1.000000      -0.047724      -0.417793       0.043908      -0.046600       0.008378       0.001173       0.095281      -0.030719       0.001705      -0.031748      -0.013934      -0.045971      -0.245743      -0.400632      -0.580403      -0.631015      -0.640213      -0.691049      -0.616999      -0.706691
   30      -0.127421       0.117353      -0.061759      -0.435437      -0.217054       0.313326      -0.277125      -0.056293      -0.721928      -0.393103      -0.021047      -0.047724       1.000000       0.046467      -0.048174      -0.252996      -0.090818      -0.090511       0.139722      -0.112633      -0.091999      -0.085481       0.001294       0.006144       0.036715       0.098129       0.145355       0.135914       0.143107       0.068829       0.004928      -0.053877
   32       0.610526      -0.588130      -0.595703       0.060968      -0.012909      -0.316946       0.237578      -0.087572      -0.006505       0.003383       0.309138      -0.417793       0.046467       1.000000      -0.858905      -0.115632      -0.017396      -0.019440       0.031876      -0.007331      -0.017359       0.007927       0.010391       0.035251       0.169048       0.246410       0.284497       0.227264       0.217321       0.102299      -0.140960       0.038507
   33      -0.620289       0.632234       0.198110       0.064688       0.013567       0.241003      -0.008475      -0.281725      -0.000695      -0.005971      -0.497089       0.043908      -0.048174      -0.858905       1.000000       0.136860       0.017033       0.023266      -0.092192       0.026122       0.020486       0.008853      -0.003321      -0.012888      -0.039322      -0.043714       0.031556       0.130506       0.148255       0.319373       0.554964       0.398288
   34       0.134337      -0.127215       0.031401       0.335445      -0.026810      -0.318206       0.315026      -0.009329      -0.039093      -0.024091       0.008893      -0.046600      -0.252996      -0.115632       0.136860       1.000000       0.117689       0.114488      -0.115359       0.112154       0.114988       0.027620      -0.000693      -0.003935      -0.024323      -0.068594      -0.097450      -0.077053      -0.081923       0.004430       0.082080       0.126058
   35      -0.020613       0.020294       0.009778       0.258980       0.006417       0.016005      -0.012400      -0.001529      -0.008814      -0.002153      -0.009693       0.008378      -0.090818      -0.017396       0.017033       0.117689       1.000000       0.657891       0.594520       0.856388       0.727908       0.682962      -0.000166      -0.000558      -0.002211      -0.002613      -0.001681      -0.000412       0.000042       0.001216       0.004844       0.000252
   36      -0.001931       0.002584       0.011696       0.242910       0.004373      -0.026767       0.028582      -0.002345      -0.008939      -0.002280      -0.004885       0.001173      -0.090511      -0.019440       0.023266       0.114488       0.657891       1.000000       0.441717       0.686980       0.578802       0.548277      -0.000221      -0.000979      -0.004893      -0.011715      -0.015004      -0.011751      -0.012039      -0.000670       0.010796       0.015040
   37      -0.219306       0.206378      -0.015537      -0.288011       0.025908       0.524910      -0.509954       0.021604       0.020278       0.009345      -0.050169       0.095281       0.139722       0.031876      -0.092192      -0.115359       0.594520       0.441717       1.000000       0.484204       0.497788       0.376320       0.000528       0.004781       0.030116       0.107893       0.155982       0.129224       0.137956       0.008431      -0.090959      -0.198560
   38       0.067890      -0.063894       0.001620       0.412007      -0.002846      -0.158066       0.153798      -0.007551      -0.015840      -0.007996       0.015645      -0.030719      -0.112633      -0.007331       0.026122       0.112154       0.856388       0.686980       0.484204       1.000000       0.759316       0.786186      -0.000104      -0.001246      -0.008082      -0.030734      -0.044628      -0.036689      -0.039308      -0.000811       0.028218       0.060594
   39      -0.004356       0.004843       0.009891       0.256640       0.004520      -0.018356       0.020428      -0.002371      -0.009501      -0.002808      -0.005248       0.001705      -0.091999      -0.017359       0.020486       0.114988       0.727908       0.578802       0.497788       0.759316       1.000000       0.606207      -0.000185      -0.000803      -0.003915      -0.009110      -0.011371      -0.008651      -0.008801       0.000149       0.009457       0.012043
   40       0.070927      -0.067242      -0.006406       0.338375      -0.005149      -0.143999       0.138012      -0.005622      -0.013238      -0.007406       0.019877      -0.031748      -0.085481       0.007927       0.008853       0.027620       0.682962       0.548277       0.376320       0.786186       0.606207       1.000000       0.000044      -0.000615      -0.004970      -0.023771      -0.035953      -0.030179      -0.032698      -0.001154       0.020430       0.051266
   41       0.007152      -0.006286      -0.017679       0.001957      -0.000252      -0.004082       0.007575      -0.009551      -0.000196      -0.000032       0.000371      -0.013934       0.001294       0.010391      -0.003321      -0.000693      -0.000166      -0.000221       0.000528      -0.000104      -0.000185       0.000044       1.000000       0.001042       0.005586       0.009029       0.012809       0.013251       0.013374       0.013317       0.010536       0.011501
   42       0.024330      -0.021732      -0.058739       0.002685      -0.001012      -0.010655       0.022086      -0.030603      -0.000483      -0.000075       0.002537      -0.045971       0.006144       0.035251      -0.012888      -0.003935      -0.000558      -0.000979       0.004781      -0.001246      -0.000803      -0.000615       0.001042       1.000000       0.018714       0.030923       0.043685       0.044857       0.045305       0.043908       0.033650       0.036240
   43       0.091715      -0.078285      -0.314252       0.006358      -0.005050      -0.031343       0.105880      -0.177347      -0.002085      -0.000668      -0.003398      -0.245743       0.036715       0.169048      -0.039322      -0.024323      -0.002211      -0.004893       0.030116      -0.008082      -0.003915      -0.004970       0.005586       0.018714       1.000000       0.168969       0.243665       0.253744       0.257268       0.253999       0.204207       0.212732
   44       0.114754      -0.100486      -0.504236      -0.067186      -0.010996       0.030336       0.111265      -0.286599       0.000074      -0.000937       0.004352      -0.400632       0.098129       0.246410      -0.043714      -0.068594      -0.002613      -0.011715       0.107893      -0.030734      -0.009110      -0.023771       0.009029       0.030923       0.168969       1.000000       0.432129       0.450801       0.459107       0.440614       0.351643       0.346550
   45       0.069998      -0.053558      -0.713372      -0.104450      -0.014414       0.096345       0.147767      -0.444013       0.000626      -0.002187      -0.026781      -0.580403       0.145355       0.284497       0.031556      -0.097450      -0.001681      -0.015004       0.155982      -0.044628      -0.011371      -0.035953       0.012809       0.043685       0.243665       0.432129       1.000000       0.682433       0.697518       0.688206       0.580336       0.561146
   46       0.021254      -0.006718      -0.737050      -0.069764      -0.012642       0.092900       0.199751      -0.499954      -0.001294      -0.003225      -0.043627      -0.631015       0.135914       0.227264       0.130506      -0.077053      -0.000412      -0.011751       0.129224      -0.036689      -0.008651      -0.030179       0.013251       0.044857       0.253744       0.450801       0.682433       1.000000       0.757440       0.775793       0.690404       0.668912
   47       0.000290       0.012905      -0.743109      -0.081320      -0.012864       0.113256       0.191343      -0.512776      -0.000776      -0.003380      -0.050720      -0.640213       0.143107       0.217321       0.148255      -0.081923       0.000042      -0.012039       0.137956      -0.039308      -0.008801      -0.032698       0.013374       0.045305       0.257268       0.459107       0.697518       0.757440       1.000000       0.795826       0.711446       0.685887
   48      -0.030239       0.046607      -0.742386       0.082864      -0.005841      -0.008707       0.364007      -0.571916      -0.008830      -0.005298      -0.070296      -0.691049       0.068829       0.102299       0.319373       0.004430       0.001216      -0.000670       0.008431      -0.000811       0.000149      -0.001154       0.013317       0.043908       0.253999       0.440614       0.688206       0.775793       0.795826       1.000000       0.861482       0.851203
   49      -0.158140       0.173783      -0.585960       0.184031       0.001927      -0.039457       0.415805      -0.573103      -0.012703      -0.006806      -0.141930      -0.616999       0.004928      -0.140960       0.554964       0.082080       0.004844       0.010796      -0.090959       0.028218       0.009457       0.020430       0.010536       0.033650       0.204207       0.351643       0.580336       0.690404       0.711446       0.861482       1.000000       0.897979
   50       0.018717      -0.013566      -0.645509       0.336792       0.004811      -0.251005       0.612480      -0.550435      -0.021156      -0.006874      -0.011512      -0.706691      -0.053877       0.038507       0.398288       0.126058       0.000252       0.015040      -0.198560       0.060594       0.012043       0.051266       0.011501       0.036240       0.212732       0.346550       0.561146       0.668912       0.685887       0.851203       0.897979       1.000000
